0,0.6921209480081286,0.49 
1,0.6830878342900958,0.693076923076923 
2,0.6261628014700753,0.71 
3,0.5993065110274723,0.7076923076923077 
4,0.5878028337444577,0.71 
5,0.5789730719157627,0.713076923076923 
6,0.5855536077703748,0.7061538461538461 
7,0.5826555660792759,0.7092307692307692 
8,0.580624486718859,0.7107692307692308 
9,0.5739515551498958,0.7138461538461538 
10,0.5770042496068137,0.7138461538461538 
11,0.5714365776096072,0.7146153846153847 
12,0.5779045266764504,0.7184615384615385 
13,0.5700515572513852,0.7123076923076923 
14,0.5616828692810876,0.71 
15,0.5703564477818353,0.7123076923076923 
16,0.5660440815346581,0.7153846153846154 
17,0.5641236773559025,0.713076923076923 
18,0.5603849717548915,0.7169230769230769 
19,0.5653825678995678,0.7215384615384616 
20,0.5563781176294599,0.7192307692307692 
21,0.5572518365723746,0.7215384615384616 
22,0.5616601024355207,0.7223076923076923 
23,0.5402266276734216,0.7107692307692308 
24,0.5265856704541615,0.7338461538461538 
25,0.5189721626894814,0.7415384615384616 
26,0.5052131840160915,0.7276923076923076 
27,0.5089347852127892,0.7461538461538462 
28,0.5168897062540054,0.7492307692307693 
29,0.5084322392940521,0.7484615384615385 
30,0.4978624497141157,0.7484615384615385 
31,0.49691360550267355,0.75 
32,0.4842575660773686,0.7515384615384615 
33,0.47024754754134585,0.7515384615384615 
34,0.47774878995759146,0.76 
35,0.4758449984448297,0.7530769230769231 
36,0.4709474614688328,0.7615384615384615 
37,0.455156398671014,0.7553846153846154 
38,0.4622577450105122,0.7607692307692308 
39,0.46505330928734373,0.7546153846153846 
40,0.4495550159897123,0.7630769230769231 
41,0.4580241484301431,0.7653846153846153 
42,0.44164943801505224,0.7223076923076923 
43,0.4748555315392358,0.76 
44,0.45721631816455294,0.7484615384615385 
45,0.4626283496618271,0.7630769230769231 
46,0.47514146992138456,0.7615384615384615 
47,0.4473348706960678,0.7630769230769231 
48,0.4459164525781359,0.7646153846153846 
49,0.43925423068659647,0.7661538461538462 
50,0.42156877900872913,0.7676923076923077 
51,0.4133623625550951,0.7676923076923077 
52,0.440656664116042,0.7707692307692308 
53,0.42865089433533804,0.7676923076923077 
54,0.44355798193386625,0.7653846153846153 
55,0.4430259168148041,0.7692307692307693 
56,0.4478808982031686,0.7576923076923077 
57,0.4816965396915163,0.7584615384615384 
58,0.43807906551020487,0.7684615384615384 
59,0.41238193213939667,0.7715384615384615 
60,0.41228302461760385,0.7730769230769231 
61,0.41123935154506136,0.7638461538461538 
62,0.44538360834121704,0.7530769230769231 
63,0.4477930132831846,0.7715384615384615 
64,0.4847140439919063,0.7592307692307693 
65,0.4535834491252899,0.7661538461538462 
66,0.4509510078600475,0.7584615384615384 
67,0.45556661912373136,0.7607692307692308 
68,0.4546179154089519,0.7584615384615384 
69,0.42959608350481304,0.7638461538461538 
70,0.43293569556304384,0.7561538461538462 
71,0.434481823018619,0.7638461538461538 
72,0.43407284361975534,0.7607692307692308 
73,0.4126284420490265,0.7715384615384615 
74,0.41454953806740896,0.7538461538461538 
75,0.4230918437242508,0.7738461538461539 
76,0.42386710005147116,0.7669230769230769 
77,0.41817834760461536,0.7676923076923077 
78,0.41978473322732107,0.7661538461538462 
79,0.42495920402663095,0.7630769230769231 
80,0.42190320576940266,0.7723076923076924 
81,0.426605367234775,0.7607692307692308 
82,0.4201576347861971,0.7707692307692308 
83,0.4136793038674763,0.7561538461538462 
84,0.43033177724906374,0.7738461538461539 
85,0.4058876058885029,0.7561538461538462 
86,0.4448942244052887,0.7623076923076924 
87,0.4080532831805093,0.7661538461538462 
88,0.4184754490852356,0.77 
89,0.42427012750080656,0.7584615384615384 
90,0.41252159433705465,0.7730769230769231 
91,0.4095446616411209,0.7630769230769231 
92,0.41947196424007416,0.7661538461538462 
93,0.4191164033753531,0.7584615384615384 
94,0.41345507970878054,0.7607692307692308 
95,0.42103699275425505,0.7584615384615384 
96,0.41886234283447266,0.7661538461538462 
97,0.4046975352934429,0.7561538461538462 
98,0.41283461451530457,0.7607692307692308 
99,0.4195028075150081,0.7607692307692308 
